[
    {
        "data": [
            [
                1,
                0
            ],
            [
                2,
                1
            ],
            [
                3,
                2
            ],
            [
                4,
                2
            ],
            [
                5,
                1
            ],
            [
                6,
                2
            ],
            [
                7,
                1
            ],
            [
                8,
                3
            ],
            [
                9,
                3
            ],
            [
                10,
                0
            ],
            [
                11,
                3
            ],
            [
                12,
                1
            ],
            [
                13,
                1
            ],
            [
                14,
                3
            ],
            [
                15,
                2
            ],
            [
                16,
                2
            ],
            [
                17,
                1
            ],
            [
                18,
                2
            ],
            [
                19,
                4
            ],
            [
                20,
                4
            ],
            [
                22,
                3
            ],
            [
                24,
                1
            ],
            [
                25,
                1
            ],
            [
                28,
                1
            ],
            [
                29,
                1
            ],
            [
                30,
                1
            ]
        ],
        "color": "#070",
        "label": "Mature"
    },
    {
        "data": [
            [
                1,
                8
            ],
            [
                2,
                14
            ],
            [
                3,
                10
            ],
            [
                4,
                7
            ],
            [
                5,
                4
            ],
            [
                6,
                5
            ],
            [
                7,
                2
            ],
            [
                8,
                3
            ],
            [
                9,
                5
            ],
            [
                10,
                2
            ],
            [
                11,
                0
            ],
            [
                12,
                2
            ],
            [
                13,
                2
            ],
            [
                14,
                1
            ],
            [
                15,
                2
            ],
            [
                16,
                0
            ],
            [
                17,
                1
            ],
            [
                18,
                0
            ],
            [
                19,
                0
            ],
            [
                20,
                0
            ],
            [
                22,
                0
            ],
            [
                24,
                0
            ],
            [
                25,
                0
            ],
            [
                28,
                0
            ],
            [
                29,
                0
            ],
            [
                30,
                0
            ]
        ],
        "color": "#7c7",
        "label": "Young"
    },
    {
        "data": [
            [
                1,
                8
            ],
            [
                2,
                23
            ],
            [
                3,
                35
            ],
            [
                4,
                44
            ],
            [
                5,
                49
            ],
            [
                6,
                56
            ],
            [
                7,
                59
            ],
            [
                8,
                65
            ],
            [
                9,
                73
            ],
            [
                10,
                75
            ],
            [
                11,
                78
            ],
            [
                12,
                81
            ],
            [
                13,
                84
            ],
            [
                14,
                88
            ],
            [
                15,
                92
            ],
            [
                16,
                94
            ],
            [
                17,
                96
            ],
            [
                18,
                98
            ],
            [
                19,
                102
            ],
            [
                20,
                106
            ],
            [
                22,
                109
            ],
            [
                24,
                110
            ],
            [
                25,
                111
            ],
            [
                28,
                112
            ],
            [
                29,
                113
            ],
            [
                30,
                114
            ]
        ],
        "color": "rgba(0,0,0,0.9)",
        "label": "Cumulative",
        "yaxis": 2,
        "bars": {
            "show": false
        },
        "lines": {
            "show": true
        },
        "stack": false
    }
]